test_confidence = [0.9495081007480621,
 0.9791086912155151,
 0.9364469528198243,
 0.9494617581367493,
 0.9273580511411031,
 0.8997351825237274,
 0.967968612909317,
 0.9590785106023153,
 0.7883926033973694,
 0.9483107626438141,
 0.9263116896152497,
 0.9501621723175049,
 0.9424928625424703]
 
 validation_confidence = [0.9499222040176392,
 0.9642936885356903,
 0.9638748466968536,
 0.9199155569076538,
 0.9694797843694687,
 0.9587657898664474,
 0.9480800032615662,
 0.9034708042939504,
 0.963307335972786,
 0.9440132677555084,
 0.9383042305707932,
 0.9420467913150787,
 0.9685478806495667,
 0.96807461977005,
 0.9333463907241821,
 0.9595717936754227,
 0.8928799304095182]
